
~~~~~~~~~~~~~~~~~~~~~~~~~~~~~~~~~~~~~~~~~~~~~~~~~~~~~~~~~~~~~~~~~~~~~~~~~~~~~~~~

dataset_size = 1024.00 MB    numObjs = 67108864    numCoords = 2    numClusters = 64


|-------------Sequential Kmeans-------------|

t_alloc: 182.390928 ms

nloops = 10  : total = 153685.461044 ms
	-> t_loop_avg = 15368.546104 ms
	-> t_loop_min = 15304.939985 ms
	-> t_loop_max = 15414.659977 ms

|-------------------------------------------|

Final cluster centers:
clusters[0] =   0.61   8.12 
clusters[1] =   0.56   2.05 
clusters[2] =   0.56   4.58 
clusters[3] =   0.63   6.89 
clusters[4] =   0.77   9.43 
clusters[5] =   0.66   0.69 
clusters[6] =   0.75   3.34 
clusters[7] =   0.85   5.76 
clusters[8] =   1.72   2.01 
clusters[9] =   1.82   4.56 
clusters[10] =   1.93   7.14 
clusters[11] =   1.78   8.52 
clusters[12] =   1.96   0.67 
clusters[13] =   2.19   3.30 
clusters[14] =   2.37   5.85 
clusters[15] =   2.47   9.48 
clusters[16] =   2.96   2.01 
clusters[17] =   3.13   4.69 
clusters[18] =   3.34   6.94 
clusters[19] =   3.00   8.20 
clusters[20] =   3.25   0.67 
clusters[21] =   3.52   3.34 
clusters[22] =   3.86   9.38 
clusters[23] =   4.21   1.96 
clusters[24] =   4.40   4.59 
clusters[25] =   3.95   5.88 
clusters[26] =   4.25   8.14 
clusters[27] =   4.53   0.65 
clusters[28] =   4.84   3.30 
clusters[29] =   4.82   7.04 
clusters[30] =   5.11   9.41 
clusters[31] =   5.45   2.08 
clusters[32] =   5.68   4.54 
clusters[33] =   5.25   5.81 
clusters[34] =   5.51   8.26 
clusters[35] =   5.79   0.71 
clusters[36] =   6.10   7.04 
clusters[37] =   6.33   9.42 
clusters[38] =   6.67   2.03 
clusters[39] =   6.20   3.37 
clusters[40] =   6.44   5.78 
clusters[41] =   6.75   8.25 
clusters[42] =   7.05   0.67 
clusters[43] =   7.02   4.61 
clusters[44] =   7.29   7.10 
clusters[45] =   7.47   9.40 
clusters[46] =   7.94   1.94 
clusters[47] =   7.40   3.31 
clusters[48] =   7.58   5.89 
clusters[49] =   8.00   8.25 
clusters[50] =   8.24   4.55 
clusters[51] =   8.44   7.10 
clusters[52] =   8.55   9.38 
clusters[53] =   8.30   0.67 
clusters[54] =   8.50   3.20 
clusters[55] =   8.61   5.83 
clusters[56] =   9.33   8.21 
clusters[57] =   9.32   2.03 
clusters[58] =   9.41   4.63 
clusters[59] =   9.50   7.04 
clusters[60] =   9.54   9.39 
clusters[61] =   9.45   0.69 
clusters[62] =   9.51   3.39 
clusters[63] =   9.56   5.84 
